24380
20025
26150
2085
5892
13636
15771
28733
22163
17741
32413
16928
26992
7525
17801
31751
6909
18743
26088
32675
28986
30096
23786
2747
21214
19999
18448
8982
21415
26745
13352
31131
6894
24671
22654
2231
6270
2372
4689
29183
31654
22794
13444
24343
8333
28685
32662
27090
26566
25186
21972
20378
11300
9825
32717
29715
19152
19552
5383
30459
29080
25538
23792
24917
10122
12593
15383
11718
17346
6695
412
12351
18048
27059
10470
8412
18558
21114
25491
19980
29824
20988
32693
14835
16172
22808
32315
9996
20764
24018
28077
22547
22322
14933
23837
1826
11563
32052
31578
22554
